'battery': 0.026414182963086324,
'design': 0.018699433142986881,
'camera': 0.034556204797666135,
'inch': 0.0069385594973753713,
'screen': 0.01425876459259306,
'display': 0.017558212606062613,
'software': 0.0011580812029693176
