'battery': 0.022547728332330638,
'camera': 0.038065595859892512,
'size': 0.019834980870970489,
'price': 0.010505432676951722,
'screen': 0.019932097203136989,
'display': 0.028272114265943605,
'software': -0.0050790673221573282
