'battery': 0.015893438996261482,
'price': 0.016842782917312858,
'design': 0.054966946298587761,
'processor': 0.015894463445455975,
'storage': 0.013437333218621603,
'camera': 0.036992172506769498,
'screen': 0.0218923074080241,
'edge': 0.018192338871009166,
'display': 0.023885329203538502
