'headphone': -0.0015657285831095216,
'design': 0.017521620309610506,
'storage': 0.0066509908876445766,
'port': 0.0032166699863763236,
'battery': 0.0066050507603360332,
'camera': 0.026138468568745882,
'size': -0.0025632681694917436,
'price': -0.0073151749232030546,
'display': 0.025163359608264331
