'battery': 0.020645322748125673,
'design': 0.028766033066660198,
'scr': 0.0044674486376986679,
'camera': 0.031821694081505099,
'screen': 0.029039045893917675,
'lte': 0.0046710832821854819,
'gsm': 0.0,
'display': 0.02766454015327777,
